==============================================================================
  NATAL@5 SCOUR MARCH — the 17-tile
==============================================================================

  Tile:            @17  (width W = 510,510)
  Natal@5 set:     14850  slots  (r ≡ 11 or 17 mod 30 = Houses 11,17 = (2/3)·D_17)
  Scour range:     primes 19 … 714 (q ≤ √W = 714.5)

  Cumulative (tree) march: each prime removes ONLY members not already
  removed by a smaller prime. A "self-strike" removes the slot at position
  q itself — that is a TWIN PRIME FOUND, not a destruction (proven).

   q  | fresh | self=twin | genuine | cumulative | alive |  ratio | 2/q
       | rmvd  |  found    |  kills  |  removed   |       |        |
  ------------------------------------------------------------------------
   19 |  1563  |     0     |  1563   |    1563    | 13287 | 0.1053 | 0.1053
   23 |  1159  |     0     |  1159   |    2722    | 12128 | 0.0872 | 0.0870
   29 |  839  |     0     |   839   |    3561    | 11289 | 0.0692 | 0.0690
   31 |  725  |     0     |   725   |    4286    | 10564 | 0.0642 | 0.0645
   37 |  573  |     0     |   573   |    4859    |  9991 | 0.0542 | 0.0541
   41 |  483  |     1     |   482   |    5342    |  9508 | 0.0483 | 0.0488
   43 |  444  |     0     |   444   |    5786    |  9064 | 0.0467 | 0.0465
   47 |  375  |     0     |   375   |    6161    |  8689 | 0.0414 | 0.0426
   53 |  322  |     0     |   322   |    6483    |  8367 | 0.0371 | 0.0377
   59 |  272  |     0     |   272   |    6755    |  8095 | 0.0325 | 0.0339
   61 |  266  |     0     |   266   |    7021    |  7829 | 0.0329 | 0.0328
   67 |  242  |     0     |   242   |    7263    |  7587 | 0.0309 | 0.0299
   71 |  208  |     1     |   207   |    7471    |  7379 | 0.0274 | 0.0282
   73 |  197  |     0     |   197   |    7668    |  7182 | 0.0267 | 0.0274
   79 |  181  |     0     |   181   |    7849    |  7001 | 0.0252 | 0.0253
   83 |  181  |     0     |   181   |    8030    |  6820 | 0.0259 | 0.0241
   89 |  162  |     0     |   162   |    8192    |  6658 | 0.0238 | 0.0225
   97 |  141  |     0     |   141   |    8333    |  6517 | 0.0212 | 0.0206
  101 |  143  |     1     |   142   |    8476    |  6374 | 0.0219 | 0.0198
  103 |  125  |     0     |   125   |    8601    |  6249 | 0.0196 | 0.0194
  107 |  131  |     1     |   130   |    8732    |  6118 | 0.0210 | 0.0187
  109 |  131  |     0     |   131   |    8863    |  5987 | 0.0214 | 0.0183
  113 |  120  |     0     |   120   |    8983    |  5867 | 0.0200 | 0.0177
  127 |  101  |     0     |   101   |    9084    |  5766 | 0.0172 | 0.0157
  131 |  101  |     0     |   101   |    9185    |  5665 | 0.0175 | 0.0153
  137 |  102  |     1     |   101   |    9287    |  5563 | 0.0180 | 0.0146
  139 |   93  |     0     |    93   |    9380    |  5470 | 0.0167 | 0.0144
  149 |   86  |     0     |    86   |    9466    |  5384 | 0.0157 | 0.0134
  151 |   80  |     0     |    80   |    9546    |  5304 | 0.0149 | 0.0132
  157 |   80  |     0     |    80   |    9626    |  5224 | 0.0151 | 0.0127
  163 |   82  |     0     |    82   |    9708    |  5142 | 0.0157 | 0.0123
  167 |   71  |     0     |    71   |    9779    |  5071 | 0.0138 | 0.0120
  173 |   78  |     0     |    78   |    9857    |  4993 | 0.0154 | 0.0116
  179 |   70  |     0     |    70   |    9927    |  4923 | 0.0140 | 0.0112
  181 |   68  |     0     |    68   |    9995    |  4855 | 0.0138 | 0.0110
  191 |   65  |     1     |    64   |   10060    |  4790 | 0.0134 | 0.0105
  193 |   58  |     0     |    58   |   10118    |  4732 | 0.0121 | 0.0104
  197 |   61  |     1     |    60   |   10179    |  4671 | 0.0129 | 0.0102
  199 |   60  |     0     |    60   |   10239    |  4611 | 0.0128 | 0.0101
  211 |   62  |     0     |    62   |   10301    |  4549 | 0.0134 | 0.0095
  223 |   55  |     0     |    55   |   10356    |  4494 | 0.0121 | 0.0090
  227 |   52  |     1     |    51   |   10408    |  4442 | 0.0116 | 0.0088
  229 |   49  |     0     |    49   |   10457    |  4393 | 0.0110 | 0.0087
  233 |   46  |     0     |    46   |   10503    |  4347 | 0.0105 | 0.0086
  239 |   41  |     0     |    41   |   10544    |  4306 | 0.0094 | 0.0084
  241 |   46  |     0     |    46   |   10590    |  4260 | 0.0107 | 0.0083
  251 |   45  |     0     |    45   |   10635    |  4215 | 0.0106 | 0.0080
  257 |   40  |     0     |    40   |   10675    |  4175 | 0.0095 | 0.0078
  263 |   35  |     0     |    35   |   10710    |  4140 | 0.0084 | 0.0076
  269 |   39  |     0     |    39   |   10749    |  4101 | 0.0094 | 0.0074
  271 |   37  |     0     |    37   |   10786    |  4064 | 0.0090 | 0.0074
  277 |   40  |     0     |    40   |   10826    |  4024 | 0.0098 | 0.0072
  281 |   37  |     1     |    36   |   10863    |  3987 | 0.0092 | 0.0071
  283 |   30  |     0     |    30   |   10893    |  3957 | 0.0075 | 0.0071
  293 |   36  |     0     |    36   |   10929    |  3921 | 0.0091 | 0.0068
  307 |   32  |     0     |    32   |   10961    |  3889 | 0.0082 | 0.0065
  311 |   26  |     1     |    25   |   10987    |  3863 | 0.0067 | 0.0064
  313 |   31  |     0     |    31   |   11018    |  3832 | 0.0080 | 0.0064
  317 |   27  |     0     |    27   |   11045    |  3805 | 0.0070 | 0.0063
  331 |   25  |     0     |    25   |   11070    |  3780 | 0.0066 | 0.0060
  337 |   27  |     0     |    27   |   11097    |  3753 | 0.0071 | 0.0059
  347 |   29  |     1     |    28   |   11126    |  3724 | 0.0077 | 0.0058
  349 |   23  |     0     |    23   |   11149    |  3701 | 0.0062 | 0.0057
  353 |   23  |     0     |    23   |   11172    |  3678 | 0.0062 | 0.0057
  359 |   24  |     0     |    24   |   11196    |  3654 | 0.0065 | 0.0056
  367 |   20  |     0     |    20   |   11216    |  3634 | 0.0055 | 0.0054
  373 |   22  |     0     |    22   |   11238    |  3612 | 0.0061 | 0.0054
  379 |   24  |     0     |    24   |   11262    |  3588 | 0.0066 | 0.0053
  383 |   24  |     0     |    24   |   11286    |  3564 | 0.0067 | 0.0052
  389 |   25  |     0     |    25   |   11311    |  3539 | 0.0070 | 0.0051
  397 |   18  |     0     |    18   |   11329    |  3521 | 0.0051 | 0.0050
  401 |   19  |     0     |    19   |   11348    |  3502 | 0.0054 | 0.0050
  409 |   16  |     0     |    16   |   11364    |  3486 | 0.0046 | 0.0049
  419 |   19  |     0     |    19   |   11383    |  3467 | 0.0055 | 0.0048
  421 |   14  |     0     |    14   |   11397    |  3453 | 0.0040 | 0.0048
  431 |   16  |     1     |    15   |   11413    |  3437 | 0.0046 | 0.0046
  433 |   14  |     0     |    14   |   11427    |  3423 | 0.0041 | 0.0046
  439 |   15  |     0     |    15   |   11442    |  3408 | 0.0044 | 0.0046
  443 |   14  |     0     |    14   |   11456    |  3394 | 0.0041 | 0.0045
  449 |   11  |     0     |    11   |   11467    |  3383 | 0.0032 | 0.0045
  457 |   14  |     0     |    14   |   11481    |  3369 | 0.0041 | 0.0044
  461 |   16  |     1     |    15   |   11497    |  3353 | 0.0047 | 0.0043
  463 |   15  |     0     |    15   |   11512    |  3338 | 0.0045 | 0.0043
  467 |   13  |     0     |    13   |   11525    |  3325 | 0.0039 | 0.0043
  479 |   11  |     0     |    11   |   11536    |  3314 | 0.0033 | 0.0042
  487 |   14  |     0     |    14   |   11550    |  3300 | 0.0042 | 0.0041
  491 |   11  |     0     |    11   |   11561    |  3289 | 0.0033 | 0.0041
  499 |   15  |     0     |    15   |   11576    |  3274 | 0.0046 | 0.0040
  503 |   14  |     0     |    14   |   11590    |  3260 | 0.0043 | 0.0040
  509 |   14  |     0     |    14   |   11604    |  3246 | 0.0043 | 0.0039
  521 |   11  |     1     |    10   |   11615    |  3235 | 0.0034 | 0.0038
  523 |   11  |     0     |    11   |   11626    |  3224 | 0.0034 | 0.0038
  541 |    7  |     0     |     7   |   11633    |  3217 | 0.0022 | 0.0037
  547 |    9  |     0     |     9   |   11642    |  3208 | 0.0028 | 0.0037
  557 |   11  |     0     |    11   |   11653    |  3197 | 0.0034 | 0.0036
  563 |    7  |     0     |     7   |   11660    |  3190 | 0.0022 | 0.0036
  569 |    7  |     0     |     7   |   11667    |  3183 | 0.0022 | 0.0035
  571 |    7  |     0     |     7   |   11674    |  3176 | 0.0022 | 0.0035
  577 |    5  |     0     |     5   |   11679    |  3171 | 0.0016 | 0.0035
  587 |    9  |     0     |     9   |   11688    |  3162 | 0.0028 | 0.0034
  593 |    5  |     0     |     5   |   11693    |  3157 | 0.0016 | 0.0034
  599 |    9  |     0     |     9   |   11702    |  3148 | 0.0029 | 0.0033
  601 |    7  |     0     |     7   |   11709    |  3141 | 0.0022 | 0.0033
  607 |    3  |     0     |     3   |   11712    |  3138 | 0.0010 | 0.0033
  613 |    5  |     0     |     5   |   11717    |  3133 | 0.0016 | 0.0033
  617 |    6  |     1     |     5   |   11723    |  3127 | 0.0019 | 0.0032
  619 |    4  |     0     |     4   |   11727    |  3123 | 0.0013 | 0.0032
  631 |    4  |     0     |     4   |   11731    |  3119 | 0.0013 | 0.0032
  641 |    3  |     1     |     2   |   11734    |  3116 | 0.0010 | 0.0031
  643 |    2  |     0     |     2   |   11736    |  3114 | 0.0006 | 0.0031
  647 |    3  |     0     |     3   |   11739    |  3111 | 0.0010 | 0.0031
  653 |    3  |     0     |     3   |   11742    |  3108 | 0.0010 | 0.0031
  659 |    3  |     0     |     3   |   11745    |  3105 | 0.0010 | 0.0030
  661 |    2  |     0     |     2   |   11747    |  3103 | 0.0006 | 0.0030
  673 |    1  |     0     |     1   |   11748    |  3102 | 0.0003 | 0.0030
  677 |    1  |     0     |     1   |   11749    |  3101 | 0.0003 | 0.0030
  683 |    0  |     0     |     0   |   11749    |  3101 | 0.0000 | 0.0029
  691 |    1  |     0     |     1   |   11750    |  3100 | 0.0003 | 0.0029
  701 |    1  |     0     |     1   |   11751    |  3099 | 0.0003 | 0.0029
  709 |    0  |     0     |     0   |   11751    |  3099 | 0.0000 | 0.0028
  ------------------------------------------------------------------------

  TOTAL fresh removals:   11751  of 14850   (79.1%)
    of which self-strikes (TWIN PRIMES FOUND): 16
    genuine kills (composite candidates unmasked): 11735
  Natal@5 SURVIVORS after the Scour to √W: 3099  (20.9%)

  Of the 3099 survivors, 3099 are genuine twin primes (r, r+2 both prime).
  (Survivors that are not yet twins have a factor > √W = 714, i.e. live
   just beyond this tile’s crystallization frontier.)

  READING: fresh removals track 2/q of the survivors at every step
  (natal-blindness); the self-strike column is a running list of twin
  primes discovered; survival converges to Natal@5 · ∏(1−2/q).
==============================================================================
